12203
12309
12303
12205
12047
12208
12189
12304
12110
12054
12206
12210
12211
12202
12209
12159
12204
12009
12077
12158
12186
12084
12143
12083
12053
12207
12183
12193
12023
12059
12067
12087
12201
12469
12212
12147
12046
12120
12045
12085
12041
12460
12128
12220
12007
12161
12224
12107
12055
12111
12214
12222
12223
12225
12226
12227
12228
12229
12230
12231
12232
12233
12234
12235
12236
12237
12238
12239
12240
12241
12242
12243
12244
12245
12246
12247
12248
12249
12250
12255
12257
12260
12261
12262
12288