13021
13118
13166
13140
13033
13092
13160
13156
13034
13026
13081
13147
13071
13064
13117
13113
13022
13139
13024
13045
13101
13158
13863
13087
13784
13738
13056
13027
13090
13088
13210
13212
13208
13204
13206
13205
13203
13031
13039
13057
13219
13104
13209
13066
13215
13207
13041
13078
13224
13152
13214
13202
13029
13077
13211
13135
13108
13159
13082
13084
13030
13116
13080
13244
13060
13120
13110
13164
13112
13063
13122
13220
13141
13218
13201
13089
13153
13217
13138
13235
13020
13137
13119
13051
13290
13261
13221
13225
13250
13251
13252
13260
13037
13035
13346
13491
13408
13332
13409
13052
13402
13061
13334
13485
13355
13072
13310
13163
13314
13364
13418
13484
13134
13043
13465