14221
14075
14150
14224
14225
14215
14086
14226
14127
14043
14227
14217
14223
14216
14228
14220
14207
14072
14213
14206
14051
14211
14218
14214
14052
14222
14210
14201
14219
14204
14006
14212
14004
14001
14031
14209
14059
14208
14141
14032
14068
14057
14085
14047
14070
14202
14080
14081
14203
14111
14025
14170
14139
14033
14034
14030
14055
14240
14091
14102
14037
14026
14069
14231
14205
14151
14134
14027
14061
14169
14110
14035
14112
14010
14140
14038
14233
14241
14260
14261
14263
14264
14265
14267
14269
14270
14272
14273
14276
14280