13148
13165
14521
14847
14541
14860
14841
13065
14588
14891
14865
14818
14869
14805
14893
14876
14887
14863
14830
14843
14810
14870
14437
14572
14801
14840
14871
14823
14821
14812
14807
14873
14809
14879
14806
14826
14858
14418
14898
14815
14897
14885
14855
14819
14839
14820
14808
14877
14874
14827
14856
14529
14831
14845
14904
14901
14905
14892
14903
14814
14838
14889
14894
14861
14864
14859
14825
14824
14872
14816
14902
14844
14925
14850
14886
13073
14867
13068
13053
14883
14882
14817
13736
13864
14851
14852
14881
13062
13102
14854
14853