14527
14837
14478
14507
14842
14878
14441
14415
14857
14424
14456
14564
14425
14522
14487
14469
14512
14432
14532
14548
14485
14471
14561
14560
14544
14504
14466
14475
14585
14537
14453
14463
14547
14461
14518
14443
14580
14450
14609
14624
14612
14626
14621
14534
14616
14620
14606
14617
14607
14623
14618
14526
14610
14420
14468
14559
14615
14611
14619
14622
14608
14613
14625
14586
14605
14467
14428
14472
14445
14464
14514
14604
14546
14543
14692
14506
14603
14614
14511
14602
14515
14430
14410
14627
14638
14639
14642
14643
14644
14645
14646
14647
14649
14650
14651
14652
14653
14664
14673
14683
14694
14454
14414
14510
14423
14435
14517
14481
14533
14480
14822
14836
14846
14462
14592
14539
14486
14545
14488
14558
14556