13827
13732
13811
13743
13812
13734
13845
13840
13760
13905
13850
13901
13790
13903
13904
13865
13833
13862
13748
13803
13795
13754
13787
13746
13797
13835
13902
13813
13744
13802
13777
13851
13761
13745
13763
13826
13737
13749
13848
13794
13762
13815
13778
13733
13830
13460
13730
13040
13801
13780
13464
13844
13832
13155
13841
13136
13814
13124
13758
13129
13856
13838
13753
13783
12167
13775
12093
13731
13839
13755
12474
13757
13788
13739
13752
13782
12434
13756
12421
13740
13804
13842
13786
12459
13846
12438
13751
13774
13806
13847
13860
13837